$ANSIBLE_VAULT;1.1;AES256
37626131656565643536613637376534666465636337653532366463373066323036383238646436
6131336339613937353263653066303964303366373033630a373430613139633736346532616363
30613332623663656564336536633262333035616336313231663164646233306230663965323865
6430633665613234300a373230616533323131616436616231656631636162363536396239336530
65363864356439623132313535373562623031663466366562636230393565396232366234636665
38363362636161366638346437616232383434666366363062373361623764316334363933313166
34323330303866633465333232396431396566303030613039393561313731373631373630383136
36393730303033373030643738636636633533646135636366613032376663343932353334623061
35393136333431643530616337616563373234393562626538303566333364616664346537633331
33363162316438303131613532313335313733663832313535616531366636616132373939346563
63636330616639653936303863633863383431373164373134366535376137646164383130343361
37303864616336303834333461356635646663636638303632376564653434303633336534336365
64653562323363306165666639336564376363646430343233616232636162626463373334303633
36623763356136336661386262373734316336346266326438393565636337613762656364363534
33376334643733633037363935626236396335663432333939653034393561343639343738653337
65313330646266623634383564643665653937383730653562616330643764373235373034393430
30343938656632356532393165616233313633383635386333393832643039616637393830343436
35643065353537666634386137376431656233336632383061343662616231623732313839333832
30346331623962643338376434386235303964313563646465383630646434386166653065336131
38303631623965646334373134613930653966613161386464366537626563326664313737653234
30363761656331303666626330653233353465326332393263303835653331313736363239633065
31653733636634336331393036626166643965636465363338386366373839643038656436653731
32326665663137643235663232356530646238303362666465613264623033393238366336646466
39313037636563346134653164623839636263653533356538656438343937393864353334306430
3932
